trial	deck	deckCopy	gain	loss	subjID
1	4	4	50	0	201
2	2	2	100	0	201
3	1	1	100	0	201
4	3	3	50	0	201
5	2	2	100	0	201
6	1	1	100	0	201
7	2	2	100	0	201
8	1	1	100	150	201
9	2	2	100	0	201
10	3	3	50	0	201
11	2	2	100	0	201
12	2	2	100	0	201
13	2	2	100	0	201
14	2	2	100	0	201
15	2	2	100	1250	201
16	4	4	50	0	201
17	3	3	50	50	201
18	1	1	100	0	201
19	1	1	100	300	201
20	3	3	50	0	201
21	2	2	100	0	201
22	3	3	50	50	201
23	2	2	100	0	201
24	2	2	100	0	201
25	4	4	50	0	201
26	2	2	100	0	201
27	2	2	100	1250	201
28	2	2	100	0	201
29	2	2	100	0	201
30	4	4	50	0	201
31	2	2	100	0	201
32	4	4	50	0	201
33	2	2	100	0	201
34	2	2	100	0	201
35	4	4	50	0	201
36	2	2	100	0	201
37	4	4	50	0	201
38	4	4	50	0	201
39	2	2	100	1250	201
40	1	1	100	0	201
41	1	1	100	200	201
42	4	4	50	0	201
43	4	4	50	250	201
44	2	2	100	0	201
45	3	3	50	0	201
46	3	3	50	50	201
47	2	2	100	0	201
48	4	4	50	0	201
49	2	2	100	0	201
50	1	1	100	0	201
51	2	2	100	0	201
52	4	4	50	0	201
53	4	4	50	0	201
54	2	2	100	0	201
55	1	1	100	250	201
56	4	4	50	0	201
57	2	2	100	0	201
58	1	1	100	350	201
59	2	2	100	0	201
60	4	4	50	0	201
61	2	2	100	0	201
62	1	1	100	0	201
63	2	2	100	0	201
64	4	4	50	0	201
65	2	2	100	0	201
66	4	4	50	0	201
67	1	1	100	350	201
68	4	4	50	0	201
69	2	2	100	1250	201
70	2	2	100	0	201
71	4	4	50	0	201
72	1	1	100	0	201
73	2	2	100	0	201
74	2	2	100	0	201
75	1	1	100	250	201
76	2	2	100	0	201
77	4	4	50	250	201
78	2	2	100	0	201
79	4	4	50	0	201
80	4	4	50	0	201
81	2	2	100	0	201
82	1	1	100	200	201
83	2	2	100	0	201
84	4	4	50	0	201
85	2	2	100	0	201
86	4	4	50	0	201
87	4	4	50	0	201
88	4	4	50	0	201
89	4	4	50	0	201
90	1	1	100	0	201
91	3	3	50	0	201
92	4	4	50	0	201
93	3	3	50	50	201
94	4	4	50	250	201
95	1	1	100	300	201
1	1	1	100	0	205
2	4	4	50	0	205
3	2	2	100	0	205
4	3	3	50	0	205
5	2	2	100	0	205
6	1	1	100	0	205
7	2	2	100	0	205
8	1	1	100	150	205
9	4	4	50	0	205
10	1	1	100	0	205
11	2	2	100	0	205
12	4	4	50	0	205
13	1	1	100	300	205
14	4	4	50	0	205
15	3	3	50	0	205
16	4	4	50	0	205
17	2	2	100	0	205
18	2	2	100	0	205
19	1	1	100	0	205
20	1	1	100	200	205
21	4	4	50	0	205
22	4	4	50	0	205
23	2	2	100	0	205
24	3	3	50	50	205
25	2	2	100	0	205
26	4	4	50	0	205
27	2	2	100	1250	205
28	4	4	50	0	205
29	1	1	100	0	205
30	2	2	100	0	205
31	1	1	100	250	205
32	4	4	50	250	205
33	2	2	100	0	205
34	3	3	50	0	205
35	2	2	100	0	205
36	2	2	100	0	205
37	3	3	50	50	205
38	4	4	50	0	205
39	1	1	100	350	205
40	2	2	100	1250	205
41	1	1	100	0	205
42	4	4	50	0	205
43	1	1	100	350	205
44	4	4	50	0	205
45	2	2	100	0	205
46	4	4	50	0	205
47	3	3	50	0	205
48	2	2	100	0	205
49	4	4	50	0	205
50	1	1	100	0	205
51	4	4	50	0	205
52	2	2	100	0	205
53	1	1	100	250	205
54	2	2	100	0	205
55	4	4	50	0	205
56	2	2	100	0	205
57	3	3	50	50	205
58	2	2	100	0	205
59	2	2	100	1250	205
60	4	4	50	0	205
61	1	1	100	200	205
62	3	3	50	0	205
63	2	2	100	0	205
64	4	4	50	0	205
65	2	2	100	0	205
66	4	4	50	250	205
67	3	3	50	50	205
68	2	2	100	0	205
69	1	1	100	0	205
70	4	4	50	0	205
71	2	2	100	0	205
72	3	3	50	50	205
73	1	1	100	300	205
74	2	2	100	0	205
75	4	4	50	0	205
76	2	2	100	0	205
77	4	4	50	0	205
78	2	2	100	0	205
79	2	2	100	0	205
80	4	4	50	0	205
81	1	1	100	150	205
82	4	4	50	0	205
83	2	2	100	0	205
84	4	4	50	0	205
85	3	3	50	0	205
86	2	2	100	0	205
87	4	4	50	0	205
88	2	2	100	1250	205
89	1	1	100	0	205
90	4	4	50	0	205
91	2	2	100	0	205
92	1	1	100	0	205
93	2	2	100	0	205
94	4	4	50	250	205
95	3	3	50	25	205
1	3	3	50	0	206
2	1	1	100	0	206
3	4	4	50	0	206
4	2	2	100	0	206
5	1	1	100	0	206
6	2	2	100	0	206
7	1	1	100	150	206
8	2	2	100	0	206
9	1	1	100	0	206
10	2	2	100	0	206
11	3	3	50	0	206
12	1	1	100	300	206
13	2	2	100	0	206
14	2	2	100	0	206
15	2	2	100	0	206
16	2	2	100	0	206
17	2	2	100	1250	206
18	1	1	100	0	206
19	2	2	100	0	206
20	2	2	100	0	206
21	2	2	100	0	206
22	2	2	100	0	206
23	2	2	100	1250	206
24	1	1	100	200	206
25	4	4	50	0	206
26	3	3	50	50	206
27	4	4	50	0	206
28	1	1	100	0	206
29	1	1	100	250	206
30	2	2	100	0	206
31	2	2	100	0	206
32	2	2	100	0	206
33	1	1	100	350	206
34	2	2	100	0	206
35	2	2	100	0	206
36	2	2	100	0	206
37	2	2	100	1250	206
38	1	1	100	0	206
39	3	3	50	0	206
40	1	1	100	350	206
41	2	2	100	0	206
42	2	2	100	0	206
43	2	2	100	0	206
44	2	2	100	0	206
45	2	2	100	0	206
46	1	1	100	0	206
47	2	2	100	0	206
48	1	1	100	250	206
49	2	2	100	0	206
50	4	4	50	0	206
51	3	3	50	50	206
52	1	1	100	200	206
53	2	2	100	0	206
54	2	2	100	0	206
55	1	1	100	0	206
56	2	2	100	0	206
57	1	1	100	300	206
58	2	2	100	1250	206
59	1	1	100	150	206
60	1	1	100	0	206
61	2	2	100	0	206
62	2	2	100	0	206
63	2	2	100	0	206
64	2	2	100	0	206
65	2	2	100	0	206
66	3	3	50	0	206
67	3	3	50	50	206
68	2	2	100	0	206
69	2	2	100	0	206
70	1	1	100	0	206
71	2	2	100	0	206
72	1	1	100	0	206
73	2	2	100	0	206
74	1	1	100	300	206
75	2	2	100	0	206
76	1	1	100	0	206
77	3	3	50	0	206
78	4	4	50	0	206
79	3	3	50	50	206
80	2	2	100	0	206
81	2	2	100	0	206
82	2	2	100	0	206
83	2	2	100	0	206
84	2	2	100	0	206
85	2	2	100	0	206
86	2	2	100	1250	206
87	1	1	100	350	206
88	4	4	50	0	206
89	4	4	50	0	206
90	2	2	100	0	206
91	2	2	100	0	206
92	2	2	100	0	206
93	2	2	100	0	206
94	2	2	100	1250	206
95	2	2	100	0	206
1	1	1	100	0	210
2	4	4	50	0	210
3	3	3	50	0	210
4	2	2	100	0	210
5	1	1	100	0	210
6	2	2	100	0	210
7	1	1	100	150	210
8	2	2	100	0	210
9	4	4	50	0	210
10	2	2	100	0	210
11	3	3	50	0	210
12	2	2	100	0	210
13	4	4	50	0	210
14	2	2	100	0	210
15	2	2	100	0	210
16	2	2	100	0	210
17	2	2	100	1250	210
18	3	3	50	50	210
19	2	2	100	0	210
20	1	1	100	0	210
21	2	2	100	0	210
22	2	2	100	0	210
23	4	4	50	0	210
24	1	1	100	300	210
25	2	2	100	0	210
26	4	4	50	0	210
27	3	3	50	0	210
28	2	2	100	1250	210
29	1	1	100	0	210
30	4	4	50	0	210
31	2	2	100	0	210
32	2	2	100	0	210
33	1	1	100	200	210
34	1	1	100	0	210
35	3	3	50	50	210
36	1	1	100	250	210
37	2	2	100	0	210
38	4	4	50	0	210
39	1	1	100	350	210
40	4	4	50	0	210
41	4	4	50	0	210
42	4	4	50	250	210
43	2	2	100	0	210
44	1	1	100	0	210
45	4	4	50	0	210
46	1	1	100	350	210
47	3	3	50	0	210
48	4	4	50	0	210
49	1	1	100	0	210
50	1	1	100	250	210
51	2	2	100	0	210
52	4	4	50	0	210
53	3	3	50	50	210
54	4	4	50	0	210
55	2	2	100	0	210
56	1	1	100	200	210
57	4	4	50	0	210
58	3	3	50	0	210
59	1	1	100	0	210
60	4	4	50	0	210
61	2	2	100	1250	210
62	3	3	50	50	210
63	1	1	100	300	210
64	4	4	50	0	210
65	4	4	50	0	210
66	3	3	50	50	210
67	4	4	50	0	210
68	1	1	100	150	210
69	1	1	100	0	210
70	4	4	50	250	210
71	2	2	100	0	210
72	3	3	50	0	210
73	4	4	50	0	210
74	1	1	100	0	210
75	4	4	50	0	210
76	4	4	50	0	210
77	2	2	100	0	210
78	3	3	50	25	210
79	4	4	50	0	210
80	4	4	50	0	210
81	1	1	100	0	210
82	2	2	100	0	210
83	3	3	50	75	210
84	4	4	50	0	210
85	1	1	100	300	210
86	2	2	100	0	210
87	4	4	50	0	210
88	3	3	50	0	210
89	4	4	50	0	210
90	1	1	100	0	210
91	1	1	100	350	210
92	4	4	50	250	210
93	4	4	50	0	210
94	2	2	100	0	210
95	2	2	100	0	210
1	1	1	100	0	214
2	2	2	100	0	214
3	2	2	100	0	214
4	2	2	100	0	214
5	3	3	50	0	214
6	4	4	50	0	214
7	2	2	100	0	214
8	1	1	100	0	214
9	2	2	100	0	214
10	1	1	100	150	214
11	2	2	100	0	214
12	3	3	50	0	214
13	1	1	100	0	214
14	2	2	100	0	214
15	4	4	50	0	214
16	2	2	100	0	214
17	3	3	50	50	214
18	2	2	100	1250	214
19	2	2	100	0	214
20	1	1	100	300	214
21	2	2	100	0	214
22	3	3	50	0	214
23	4	4	50	0	214
24	2	2	100	0	214
25	1	1	100	0	214
26	3	3	50	50	214
27	2	2	100	0	214
28	1	1	100	200	214
29	4	4	50	0	214
30	1	1	100	0	214
31	2	2	100	1250	214
32	4	4	50	0	214
33	3	3	50	0	214
34	2	2	100	0	214
35	1	1	100	250	214
36	4	4	50	0	214
37	3	3	50	50	214
38	4	4	50	0	214
39	4	4	50	0	214
40	4	4	50	0	214
41	3	3	50	0	214
42	2	2	100	0	214
43	4	4	50	250	214
44	1	1	100	350	214
45	3	3	50	50	214
46	2	2	100	0	214
47	1	1	100	0	214
48	2	2	100	0	214
49	4	4	50	0	214
50	1	1	100	350	214
51	2	2	100	0	214
52	4	4	50	0	214
53	3	3	50	50	214
54	2	2	100	0	214
55	1	1	100	0	214
56	2	2	100	1250	214
57	3	3	50	0	214
58	4	4	50	0	214
59	1	1	100	250	214
60	2	2	100	0	214
61	3	3	50	25	214
62	4	4	50	0	214
63	1	1	100	200	214
64	4	4	50	0	214
65	3	3	50	75	214
66	2	2	100	0	214
67	1	1	100	0	214
68	3	3	50	0	214
69	2	2	100	0	214
70	3	3	50	0	214
71	1	1	100	300	214
72	4	4	50	0	214
73	1	1	100	150	214
74	3	3	50	0	214
75	2	2	100	0	214
76	3	3	50	25	214
77	4	4	50	0	214
78	1	1	100	0	214
79	2	2	100	0	214
80	3	3	50	75	214
81	4	4	50	0	214
82	1	1	100	0	214
83	3	3	50	0	214
84	1	1	100	0	214
85	4	4	50	0	214
86	3	3	50	50	214
87	1	1	100	300	214
88	1	1	100	0	214
89	2	2	100	0	214
90	3	3	50	0	214
91	4	4	50	250	214
92	1	1	100	350	214
93	2	2	100	0	214
94	3	3	50	0	214
95	1	1	100	0	214
1	1	1	100	0	219
2	4	4	50	0	219
3	1	1	100	0	219
4	3	3	50	0	219
5	2	2	100	0	219
6	3	3	50	0	219
7	1	1	100	150	219
8	1	1	100	0	219
9	2	2	100	0	219
10	1	1	100	300	219
11	2	2	100	0	219
12	2	2	100	0	219
13	2	2	100	0	219
14	2	2	100	0	219
15	4	4	50	0	219
16	2	2	100	0	219
17	3	3	50	50	219
18	1	1	100	0	219
19	4	4	50	0	219
20	2	2	100	0	219
21	2	2	100	1250	219
22	2	2	100	0	219
23	3	3	50	0	219
24	4	4	50	0	219
25	3	3	50	50	219
26	1	1	100	200	219
27	1	1	100	0	219
28	2	2	100	0	219
29	2	2	100	0	219
30	2	2	100	0	219
31	1	1	100	250	219
32	2	2	100	1250	219
33	4	4	50	0	219
34	2	2	100	0	219
35	4	4	50	0	219
36	3	3	50	0	219
37	4	4	50	0	219
38	1	1	100	350	219
39	1	1	100	0	219
40	2	2	100	0	219
41	4	4	50	0	219
42	2	2	100	0	219
43	3	3	50	50	219
44	4	4	50	0	219
45	2	2	100	0	219
46	1	1	100	350	219
47	2	2	100	0	219
48	1	1	100	0	219
49	2	2	100	0	219
50	1	1	100	250	219
51	2	2	100	1250	219
52	4	4	50	250	219
53	3	3	50	0	219
54	3	3	50	50	219
55	1	1	100	200	219
56	2	2	100	0	219
57	1	1	100	0	219
58	2	2	100	0	219
59	1	1	100	300	219
60	2	2	100	0	219
61	2	2	100	0	219
62	2	2	100	0	219
63	1	1	100	150	219
64	2	2	100	0	219
65	1	1	100	0	219
66	2	2	100	0	219
67	1	1	100	0	219
68	2	2	100	0	219
69	1	1	100	0	219
70	2	2	100	0	219
71	2	2	100	0	219
72	1	1	100	300	219
73	2	2	100	1250	219
74	3	3	50	50	219
75	1	1	100	0	219
76	2	2	100	0	219
77	2	2	100	0	219
78	4	4	50	0	219
79	1	1	100	350	219
80	2	2	100	0	219
81	1	1	100	0	219
82	2	2	100	0	219
83	2	2	100	0	219
84	4	4	50	0	219
85	2	2	100	0	219
86	1	1	100	200	219
87	2	2	100	0	219
88	2	2	100	0	219
89	1	1	100	250	219
90	2	2	100	0	219
91	2	2	100	0	219
92	2	2	100	0	219
93	4	4	50	0	219
94	2	2	100	0	219
95	4	4	50	0	219
1	1	1	100	0	221
2	2	2	100	0	221
3	3	3	50	0	221
4	4	4	50	0	221
5	1	1	100	0	221
6	1	1	100	150	221
7	2	2	100	0	221
8	3	3	50	0	221
9	4	4	50	0	221
10	2	2	100	0	221
11	2	2	100	0	221
12	2	2	100	0	221
13	2	2	100	0	221
14	2	2	100	0	221
15	2	2	100	0	221
16	2	2	100	1250	221
17	2	2	100	0	221
18	4	4	50	0	221
19	4	4	50	0	221
20	1	1	100	0	221
21	1	1	100	300	221
22	2	2	100	0	221
23	1	1	100	0	221
24	2	2	100	0	221
25	2	2	100	0	221
26	2	2	100	1250	221
27	4	4	50	0	221
28	3	3	50	50	221
29	2	2	100	0	221
30	2	2	100	0	221
31	1	1	100	200	221
32	2	2	100	0	221
33	2	2	100	0	221
34	3	3	50	0	221
35	4	4	50	0	221
36	1	1	100	0	221
37	1	1	100	250	221
38	2	2	100	0	221
39	2	2	100	0	221
40	1	1	100	350	221
41	2	2	100	1250	221
42	2	2	100	0	221
43	2	2	100	0	221
44	2	2	100	0	221
45	2	2	100	0	221
46	1	1	100	0	221
47	2	2	100	0	221
48	1	1	100	350	221
49	2	2	100	0	221
50	4	4	50	0	221
51	3	3	50	50	221
52	1	1	100	0	221
53	2	2	100	0	221
54	2	2	100	0	221
55	1	1	100	250	221
56	2	2	100	0	221
57	1	1	100	200	221
58	2	2	100	0	221
59	1	1	100	0	221
60	4	4	50	0	221
61	4	4	50	0	221
62	4	4	50	250	221
63	4	4	50	0	221
64	4	4	50	0	221
65	1	1	100	300	221
66	2	2	100	1250	221
67	3	3	50	0	221
68	4	4	50	0	221
69	1	1	100	150	221
70	2	2	100	0	221
71	1	1	100	0	221
72	1	1	100	0	221
73	1	1	100	0	221
74	4	4	50	0	221
75	3	3	50	50	221
76	2	2	100	0	221
77	3	3	50	0	221
78	2	2	100	0	221
79	1	1	100	300	221
80	4	4	50	0	221
81	3	3	50	50	221
82	4	4	50	0	221
83	2	2	100	0	221
84	1	1	100	0	221
85	2	2	100	0	221
86	1	1	100	350	221
87	3	3	50	50	221
88	4	4	50	0	221
89	1	1	100	0	221
90	2	2	100	0	221
91	1	1	100	200	221
92	2	2	100	0	221
93	1	1	100	250	221
94	1	1	100	150	221
95	1	1	100	0	221
1	2	2	100	0	225
2	2	2	100	0	225
3	2	2	100	0	225
4	4	4	50	0	225
5	1	1	100	0	225
6	1	1	100	0	225
7	1	1	100	150	225
8	2	2	100	0	225
9	3	3	50	0	225
10	4	4	50	0	225
11	1	1	100	0	225
12	1	1	100	300	225
13	1	1	100	0	225
14	2	2	100	0	225
15	3	3	50	0	225
16	2	2	100	0	225
17	2	2	100	0	225
18	2	2	100	0	225
19	2	2	100	1250	225
20	3	3	50	50	225
21	4	4	50	0	225
22	3	3	50	0	225
23	4	4	50	0	225
24	2	2	100	0	225
25	2	2	100	0	225
26	1	1	100	200	225
27	2	2	100	0	225
28	3	3	50	50	225
29	4	4	50	0	225
30	2	2	100	0	225
31	2	2	100	1250	225
32	3	3	50	0	225
33	4	4	50	0	225
34	4	4	50	0	225
35	3	3	50	50	225
36	2	2	100	0	225
37	1	1	100	0	225
38	2	2	100	0	225
39	1	1	100	250	225
40	4	4	50	0	225
41	4	4	50	0	225
42	1	1	100	350	225
43	3	3	50	0	225
44	1	1	100	0	225
45	2	2	100	0	225
46	2	2	100	0	225
47	1	1	100	350	225
48	3	3	50	50	225
49	3	3	50	50	225
50	4	4	50	250	225
51	2	2	100	0	225
52	1	1	100	0	225
53	2	2	100	0	225
54	3	3	50	0	225
55	2	2	100	1250	225
56	1	1	100	250	225
57	2	2	100	0	225
58	2	2	100	0	225
59	2	2	100	0	225
60	1	1	100	200	225
61	2	2	100	0	225
62	2	2	100	0	225
63	1	1	100	0	225
64	1	1	100	300	225
65	1	1	100	150	225
66	2	2	100	0	225
67	2	2	100	0	225
68	3	3	50	25	225
69	1	1	100	0	225
70	1	1	100	0	225
71	2	2	100	0	225
72	2	2	100	0	225
73	4	4	50	0	225
74	2	2	100	0	225
75	1	1	100	0	225
76	2	2	100	1250	225
77	2	2	100	0	225
78	1	1	100	300	225
79	2	2	100	0	225
80	1	1	100	0	225
81	2	2	100	0	225
82	1	1	100	350	225
83	3	3	50	75	225
84	2	2	100	0	225
85	1	1	100	0	225
86	2	2	100	0	225
87	3	3	50	0	225
88	4	4	50	0	225
89	2	2	100	0	225
90	2	2	100	0	225
91	1	1	100	200	225
92	2	2	100	0	225
93	1	1	100	250	225
94	1	1	100	150	225
95	2	2	100	0	225
1	1	1	100	0	239
2	2	2	100	0	239
3	1	1	100	0	239
4	3	3	50	0	239
5	4	4	50	0	239
6	1	1	100	150	239
7	2	2	100	0	239
8	4	4	50	0	239
9	4	4	50	0	239
10	3	3	50	0	239
11	2	2	100	0	239
12	4	4	50	0	239
13	1	1	100	0	239
14	1	1	100	300	239
15	4	4	50	0	239
16	3	3	50	50	239
17	2	2	100	0	239
18	2	2	100	0	239
19	1	1	100	0	239
20	2	2	100	0	239
21	2	2	100	0	239
22	2	2	100	0	239
23	1	1	100	200	239
24	2	2	100	1250	239
25	1	1	100	0	239
26	2	2	100	0	239
27	3	3	50	0	239
28	4	4	50	0	239
29	4	4	50	0	239
30	4	4	50	0	239
31	1	1	100	250	239
32	2	2	100	0	239
33	3	3	50	50	239
34	3	3	50	0	239
35	2	2	100	0	239
36	2	2	100	0	239
37	1	1	100	350	239
38	2	2	100	1250	239
39	2	2	100	0	239
40	2	2	100	0	239
41	2	2	100	0	239
42	1	1	100	0	239
43	1	1	100	350	239
44	1	1	100	0	239
45	3	3	50	50	239
46	3	3	50	0	239
47	4	4	50	0	239
48	4	4	50	250	239
49	4	4	50	0	239
50	4	4	50	0	239
51	4	4	50	0	239
52	3	3	50	50	239
53	2	2	100	0	239
54	2	2	100	0	239
55	2	2	100	0	239
56	1	1	100	250	239
57	1	1	100	200	239
58	3	3	50	50	239
59	4	4	50	0	239
60	2	2	100	1250	239
61	2	2	100	0	239
62	1	1	100	0	239
63	1	1	100	300	239
64	3	3	50	0	239
65	4	4	50	0	239
66	4	4	50	0	239
67	4	4	50	0	239
68	2	2	100	0	239
69	2	2	100	0	239
70	1	1	100	150	239
71	1	1	100	0	239
72	2	2	100	0	239
73	3	3	50	25	239
74	3	3	50	75	239
75	2	2	100	0	239
76	2	2	100	0	239
77	1	1	100	0	239
78	1	1	100	0	239
79	2	2	100	0	239
80	2	2	100	0	239
81	1	1	100	300	239
82	1	1	100	0	239
83	2	2	100	0	239
84	3	3	50	0	239
85	4	4	50	0	239
86	3	3	50	0	239
87	2	2	100	0	239
88	1	1	100	350	239
89	1	1	100	0	239
90	3	3	50	0	239
91	4	4	50	0	239
92	4	4	50	250	239
93	3	3	50	25	239
94	2	2	100	1250	239
95	1	1	100	200	239
1	1	1	100	0	250
2	1	1	100	0	250
3	1	1	100	150	250
4	4	4	50	0	250
5	4	4	50	0	250
6	1	1	100	0	250
7	4	4	50	0	250
8	3	3	50	0	250
9	2	2	100	0	250
10	2	2	100	0	250
11	4	4	50	0	250
12	4	4	50	0	250
13	3	3	50	0	250
14	1	1	100	300	250
15	4	4	50	0	250
16	2	2	100	0	250
17	1	1	100	0	250
18	3	3	50	50	250
19	2	2	100	0	250
20	2	2	100	0	250
21	2	2	100	0	250
22	4	4	50	0	250
23	3	3	50	0	250
24	3	3	50	50	250
25	1	1	100	200	250
26	3	3	50	0	250
27	1	1	100	0	250
28	1	1	100	250	250
29	3	3	50	50	250
30	1	1	100	350	250
31	4	4	50	0	250
32	2	2	100	0	250
33	4	4	50	0	250
34	2	2	100	0	250
35	4	4	50	250	250
36	2	2	100	1250	250
37	3	3	50	0	250
38	3	3	50	50	250
39	2	2	100	0	250
40	4	4	50	0	250
41	1	1	100	0	250
42	3	3	50	50	250
43	1	1	100	350	250
44	4	4	50	0	250
45	4	4	50	0	250
46	2	2	100	0	250
47	3	3	50	0	250
48	3	3	50	25	250
49	1	1	100	0	250
50	1	1	100	250	250
51	4	4	50	0	250
52	4	4	50	0	250
53	2	2	100	0	250
54	2	2	100	0	250
55	2	2	100	1250	250
56	3	3	50	75	250
57	3	3	50	0	250
58	3	3	50	0	250
59	3	3	50	0	250
60	1	1	100	200	250
61	1	1	100	0	250
62	4	4	50	0	250
63	1	1	100	300	250
64	4	4	50	0	250
65	4	4	50	0	250
66	3	3	50	25	250
67	2	2	100	0	250
68	1	1	100	150	250
69	4	4	50	0	250
70	4	4	50	250	250
71	4	4	50	0	250
72	2	2	100	0	250
73	2	2	100	0	250
74	2	2	100	0	250
75	2	2	100	0	250
76	2	2	100	0	250
77	2	2	100	1250	250
78	2	2	100	0	250
79	2	2	100	0	250
80	2	2	100	0	250
81	4	4	50	0	250
82	4	4	50	0	250
83	1	1	100	0	250
84	1	1	100	0	250
85	1	1	100	0	250
86	2	2	100	0	250
87	2	2	100	0	250
88	4	4	50	0	250
89	4	4	50	0	250
90	1	1	100	300	250
91	3	3	50	75	250
92	3	3	50	0	250
93	2	2	100	0	250
94	2	2	100	0	250
95	2	2	100	0	250
1	1	1	100	0	252
2	1	1	100	0	252
3	2	2	100	0	252
4	2	2	100	0	252
5	2	2	100	0	252
6	1	1	100	150	252
7	2	2	100	0	252
8	2	2	100	0	252
9	2	2	100	0	252
10	3	3	50	0	252
11	2	2	100	0	252
12	2	2	100	0	252
13	2	2	100	1250	252
14	1	1	100	0	252
15	1	1	100	300	252
16	2	2	100	0	252
17	3	3	50	0	252
18	2	2	100	0	252
19	3	3	50	50	252
20	2	2	100	0	252
21	2	2	100	0	252
22	2	2	100	1250	252
23	1	1	100	0	252
24	1	1	100	200	252
25	2	2	100	0	252
26	2	2	100	0	252
27	2	2	100	0	252
28	1	1	100	0	252
29	2	2	100	0	252
30	3	3	50	0	252
31	2	2	100	0	252
32	3	3	50	50	252
33	1	1	100	250	252
34	2	2	100	0	252
35	2	2	100	1250	252
36	1	1	100	350	252
37	1	1	100	0	252
38	4	4	50	0	252
39	2	2	100	0	252
40	1	1	100	350	252
41	1	1	100	0	252
42	1	1	100	250	252
43	1	1	100	200	252
44	3	3	50	0	252
45	1	1	100	0	252
46	1	1	100	300	252
47	2	2	100	0	252
48	2	2	100	0	252
49	1	1	100	150	252
50	4	4	50	0	252
51	1	1	100	0	252
52	4	4	50	0	252
53	1	1	100	0	252
54	3	3	50	50	252
55	1	1	100	0	252
56	4	4	50	0	252
57	1	1	100	300	252
58	3	3	50	0	252
59	2	2	100	0	252
60	2	2	100	0	252
61	2	2	100	0	252
62	1	1	100	0	252
63	4	4	50	0	252
64	2	2	100	0	252
65	2	2	100	0	252
66	1	1	100	350	252
67	2	2	100	0	252
68	2	2	100	0	252
69	2	2	100	1250	252
70	4	4	50	0	252
71	1	1	100	0	252
72	1	1	100	200	252
73	3	3	50	50	252
74	2	2	100	0	252
75	2	2	100	0	252
76	2	2	100	0	252
77	2	2	100	0	252
78	2	2	100	0	252
79	3	3	50	50	252
80	2	2	100	0	252
81	2	2	100	0	252
82	2	2	100	0	252
83	2	2	100	0	252
84	4	4	50	0	252
85	2	2	100	0	252
86	2	2	100	0	252
87	2	2	100	0	252
88	2	2	100	0	252
89	1	1	100	250	252
90	3	3	50	0	252
91	1	1	100	150	252
92	1	1	100	0	252
93	1	1	100	0	252
94	4	4	50	0	252
95	3	3	50	25	252
1	1	1	100	0	254
2	2	2	100	0	254
3	3	3	50	0	254
4	3	3	50	0	254
5	4	4	50	0	254
6	2	2	100	0	254
7	2	2	100	0	254
8	1	1	100	0	254
9	3	3	50	50	254
10	4	4	50	0	254
11	4	4	50	0	254
12	2	2	100	0	254
13	1	1	100	150	254
14	2	2	100	0	254
15	2	2	100	0	254
16	2	2	100	0	254
17	2	2	100	0	254
18	2	2	100	1250	254
19	2	2	100	0	254
20	1	1	100	0	254
21	1	1	100	300	254
22	2	2	100	0	254
23	2	2	100	0	254
24	2	2	100	0	254
25	1	1	100	0	254
26	3	3	50	0	254
27	4	4	50	0	254
28	2	2	100	1250	254
29	1	1	100	200	254
30	2	2	100	0	254
31	3	3	50	50	254
32	4	4	50	0	254
33	2	2	100	0	254
34	2	2	100	0	254
35	1	1	100	0	254
36	2	2	100	0	254
37	2	2	100	0	254
38	2	2	100	0	254
39	1	1	100	250	254
40	1	1	100	350	254
41	3	3	50	0	254
42	4	4	50	0	254
43	4	4	50	0	254
44	4	4	50	0	254
45	4	4	50	0	254
46	4	4	50	250	254
47	3	3	50	50	254
48	3	3	50	0	254
49	2	2	100	1250	254
50	2	2	100	0	254
51	2	2	100	0	254
52	2	2	100	0	254
53	2	2	100	0	254
54	1	1	100	0	254
55	2	2	100	0	254
56	4	4	50	0	254
57	4	4	50	0	254
58	4	4	50	0	254
59	3	3	50	50	254
60	2	2	100	0	254
61	1	1	100	350	254
62	2	2	100	0	254
63	2	2	100	0	254
64	2	2	100	0	254
65	3	3	50	50	254
66	4	4	50	0	254
67	3	3	50	0	254
68	4	4	50	0	254
69	1	1	100	0	254
70	1	1	100	250	254
71	2	2	100	0	254
72	1	1	100	200	254
73	1	1	100	0	254
74	1	1	100	300	254
75	2	2	100	1250	254
76	1	1	100	150	254
77	2	2	100	0	254
78	1	1	100	0	254
79	2	2	100	0	254
80	2	2	100	0	254
81	1	1	100	0	254
82	2	2	100	0	254
83	2	2	100	0	254
84	2	2	100	0	254
85	1	1	100	0	254
86	3	3	50	25	254
87	2	2	100	0	254
88	1	1	100	300	254
89	2	2	100	0	254
90	2	2	100	0	254
91	3	3	50	75	254
92	4	4	50	0	254
93	4	4	50	0	254
94	4	4	50	0	254
95	3	3	50	0	254
1	4	4	50	0	256
2	1	1	100	0	256
3	2	2	100	0	256
4	1	1	100	0	256
5	2	2	100	0	256
6	2	2	100	0	256
7	4	4	50	0	256
8	2	2	100	0	256
9	1	1	100	150	256
10	2	2	100	0	256
11	2	2	100	0	256
12	1	1	100	0	256
13	2	2	100	0	256
14	2	2	100	0	256
15	2	2	100	1250	256
16	4	4	50	0	256
17	2	2	100	0	256
18	4	4	50	0	256
19	1	1	100	300	256
20	1	1	100	0	256
21	2	2	100	0	256
22	1	1	100	200	256
23	3	3	50	0	256
24	4	4	50	0	256
25	1	1	100	0	256
26	2	2	100	0	256
27	4	4	50	0	256
28	4	4	50	0	256
29	3	3	50	0	256
30	2	2	100	0	256
31	4	4	50	0	256
32	1	1	100	250	256
33	1	1	100	350	256
34	4	4	50	0	256
35	3	3	50	50	256
36	2	2	100	1250	256
37	2	2	100	0	256
38	1	1	100	0	256
39	2	2	100	0	256
40	2	2	100	0	256
41	4	4	50	250	256
42	1	1	100	350	256
43	4	4	50	0	256
44	2	2	100	0	256
45	4	4	50	0	256
46	3	3	50	0	256
47	2	2	100	0	256
48	4	4	50	0	256
49	2	2	100	0	256
50	1	1	100	0	256
51	4	4	50	0	256
52	2	2	100	1250	256
53	1	1	100	250	256
54	2	2	100	0	256
55	3	3	50	50	256
56	4	4	50	0	256
57	2	2	100	0	256
58	4	4	50	0	256
59	2	2	100	0	256
60	1	1	100	200	256
61	1	1	100	0	256
62	2	2	100	0	256
63	4	4	50	0	256
64	2	2	100	0	256
65	2	2	100	0	256
66	4	4	50	0	256
67	3	3	50	0	256
68	2	2	100	0	256
69	1	1	100	300	256
70	4	4	50	0	256
71	2	2	100	0	256
72	1	1	100	150	256
73	2	2	100	0	256
74	1	1	100	0	256
75	3	3	50	50	256
76	1	1	100	0	256
77	2	2	100	0	256
78	4	4	50	250	256
79	1	1	100	0	256
80	3	3	50	0	256
81	4	4	50	0	256
82	2	2	100	1250	256
83	2	2	100	0	256
84	2	2	100	0	256
85	1	1	100	300	256
86	2	2	100	0	256
87	2	2	100	0	256
88	1	1	100	0	256
89	1	1	100	350	256
90	4	4	50	0	256
91	4	4	50	0	256
92	3	3	50	50	256
93	2	2	100	0	256
94	2	2	100	0	256
95	1	1	100	0	256
1	1	1	100	0	257
2	4	4	50	0	257
3	1	1	100	0	257
4	3	3	50	0	257
5	1	1	100	150	257
6	2	2	100	0	257
7	2	2	100	0	257
8	1	1	100	0	257
9	3	3	50	0	257
10	3	3	50	50	257
11	4	4	50	0	257
12	1	1	100	300	257
13	2	2	100	0	257
14	1	1	100	0	257
15	4	4	50	0	257
16	1	1	100	200	257
17	2	2	100	0	257
18	2	2	100	0	257
19	2	2	100	0	257
20	1	1	100	0	257
21	1	1	100	250	257
22	2	2	100	0	257
23	2	2	100	0	257
24	2	2	100	1250	257
25	2	2	100	0	257
26	2	2	100	0	257
27	3	3	50	0	257
28	3	3	50	50	257
29	2	2	100	0	257
30	2	2	100	0	257
31	1	1	100	350	257
32	2	2	100	1250	257
33	1	1	100	0	257
34	2	2	100	0	257
35	1	1	100	350	257
36	2	2	100	0	257
37	1	1	100	0	257
38	3	3	50	0	257
39	4	4	50	0	257
40	3	3	50	50	257
41	3	3	50	0	257
42	2	2	100	0	257
43	2	2	100	0	257
44	1	1	100	250	257
45	2	2	100	0	257
46	2	2	100	0	257
47	1	1	100	200	257
48	1	1	100	0	257
49	2	2	100	1250	257
50	4	4	50	0	257
51	1	1	100	300	257
52	1	1	100	150	257
53	2	2	100	0	257
54	2	2	100	0	257
55	2	2	100	0	257
56	1	1	100	0	257
57	2	2	100	0	257
58	1	1	100	0	257
59	1	1	100	0	257
60	1	1	100	300	257
61	2	2	100	0	257
62	1	1	100	0	257
63	1	1	100	350	257
64	1	1	100	0	257
65	2	2	100	0	257
66	3	3	50	50	257
67	3	3	50	50	257
68	1	1	100	200	257
69	2	2	100	0	257
70	1	1	100	250	257
71	2	2	100	0	257
72	1	1	100	150	257
73	2	2	100	0	257
74	1	1	100	0	257
75	2	2	100	0	257
76	1	1	100	0	257
77	3	3	50	0	257
78	4	4	50	0	257
79	3	3	50	25	257
80	1	1	100	350	257
81	2	2	100	1250	257
82	2	2	100	0	257
83	3	3	50	75	257
84	4	4	50	0	257
85	1	1	100	200	257
86	2	2	100	0	257
87	3	3	50	0	257
88	4	4	50	0	257
89	4	4	50	0	257
90	3	3	50	0	257
91	4	4	50	250	257
92	2	2	100	0	257
93	2	2	100	0	257
94	1	1	100	250	257
95	2	2	100	0	257
1	2	2	100	0	263
2	3	3	50	0	263
3	4	4	50	0	263
4	4	4	50	0	263
5	3	3	50	0	263
6	1	1	100	0	263
7	2	2	100	0	263
8	1	1	100	0	263
9	2	2	100	0	263
10	4	4	50	0	263
11	3	3	50	50	263
12	2	2	100	0	263
13	3	3	50	0	263
14	4	4	50	0	263
15	2	2	100	0	263
16	2	2	100	0	263
17	1	1	100	150	263
18	1	1	100	0	263
19	1	1	100	300	263
20	1	1	100	0	263
21	2	2	100	0	263
22	2	2	100	0	263
23	2	2	100	1250	263
24	2	2	100	0	263
25	2	2	100	0	263
26	4	4	50	0	263
27	4	4	50	0	263
28	3	3	50	50	263
29	4	4	50	0	263
30	3	3	50	0	263
31	4	4	50	0	263
32	1	1	100	200	263
33	4	4	50	0	263
34	3	3	50	50	263
35	2	2	100	0	263
36	1	1	100	0	263
37	3	3	50	0	263
38	1	1	100	250	263
39	2	2	100	0	263
40	2	2	100	1250	263
41	3	3	50	50	263
42	3	3	50	50	263
43	4	4	50	250	263
44	2	2	100	0	263
45	2	2	100	0	263
46	1	1	100	350	263
47	1	1	100	0	263
48	2	2	100	0	263
49	1	1	100	350	263
50	2	2	100	0	263
51	1	1	100	0	263
52	2	2	100	0	263
53	1	1	100	250	263
54	2	2	100	0	263
55	3	3	50	0	263
56	3	3	50	25	263
57	3	3	50	75	263
58	3	3	50	0	263
59	3	3	50	0	263
60	4	4	50	0	263
61	2	2	100	1250	263
62	1	1	100	200	263
63	1	1	100	0	263
64	2	2	100	0	263
65	3	3	50	0	263
66	4	4	50	0	263
67	2	2	100	0	263
68	3	3	50	25	263
69	1	1	100	300	263
70	2	2	100	0	263
71	2	2	100	0	263
72	1	1	100	150	263
73	3	3	50	75	263
74	2	2	100	0	263
75	4	4	50	0	263
76	2	2	100	0	263
77	2	2	100	0	263
78	2	2	100	0	263
79	2	2	100	0	263
80	1	1	100	0	263
81	2	2	100	0	263
82	1	1	100	0	263
83	1	1	100	0	263
84	4	4	50	0	263
85	3	3	50	0	263
86	1	1	100	300	263
87	2	2	100	1250	263
88	2	2	100	0	263
89	2	2	100	0	263
90	2	2	100	0	263
91	2	2	100	0	263
92	3	3	50	50	263
93	4	4	50	0	263
94	4	4	50	0	263
95	3	3	50	0	263
1	4	4	50	0	264
2	3	3	50	0	264
3	4	4	50	0	264
4	1	1	100	0	264
5	1	1	100	0	264
6	2	2	100	0	264
7	1	1	100	150	264
8	2	2	100	0	264
9	2	2	100	0	264
10	2	2	100	0	264
11	3	3	50	0	264
12	4	4	50	0	264
13	4	4	50	0	264
14	4	4	50	0	264
15	2	2	100	0	264
16	3	3	50	50	264
17	3	3	50	0	264
18	4	4	50	0	264
19	1	1	100	0	264
20	3	3	50	50	264
21	4	4	50	0	264
22	3	3	50	0	264
23	2	2	100	0	264
24	2	2	100	0	264
25	1	1	100	300	264
26	2	2	100	0	264
27	3	3	50	50	264
28	4	4	50	0	264
29	4	4	50	0	264
30	3	3	50	0	264
31	2	2	100	1250	264
32	2	2	100	0	264
33	1	1	100	0	264
34	3	3	50	50	264
35	4	4	50	250	264
36	2	2	100	0	264
37	2	2	100	0	264
38	2	2	100	0	264
39	3	3	50	50	264
40	4	4	50	0	264
41	4	4	50	0	264
42	3	3	50	0	264
43	1	1	100	200	264
44	2	2	100	1250	264
45	3	3	50	25	264
46	3	3	50	75	264
47	4	4	50	0	264
48	2	2	100	0	264
49	2	2	100	0	264
50	2	2	100	0	264
51	1	1	100	0	264
52	4	4	50	0	264
53	3	3	50	0	264
54	1	1	100	250	264
55	2	2	100	0	264
56	3	3	50	0	264
57	4	4	50	0	264
58	2	2	100	0	264
59	4	4	50	0	264
60	4	4	50	0	264
61	3	3	50	0	264
62	2	2	100	0	264
63	1	1	100	350	264
64	2	2	100	1250	264
65	2	2	100	0	264
66	2	2	100	0	264
67	1	1	100	0	264
68	2	2	100	0	264
69	1	1	100	350	264
70	2	2	100	0	264
71	4	4	50	0	264
72	4	4	50	0	264
73	4	4	50	250	264
74	3	3	50	25	264
75	4	4	50	0	264
76	4	4	50	0	264
77	4	4	50	0	264
78	3	3	50	75	264
79	4	4	50	0	264
80	4	4	50	0	264
81	3	3	50	0	264
82	2	2	100	0	264
83	1	1	100	0	264
84	2	2	100	0	264
85	2	2	100	0	264
86	4	4	50	0	264
87	4	4	50	0	264
88	4	4	50	0	264
89	4	4	50	250	264
90	4	4	50	0	264
91	3	3	50	50	264
92	2	2	100	0	264
93	2	2	100	0	264
94	2	2	100	0	264
95	1	1	100	250	264
1	3	3	50	0	265
2	4	4	50	0	265
3	1	1	100	0	265
4	3	3	50	0	265
5	1	1	100	0	265
6	4	4	50	0	265
7	3	3	50	50	265
8	1	1	100	150	265
9	2	2	100	0	265
10	1	1	100	0	265
11	3	3	50	0	265
12	4	4	50	0	265
13	1	1	100	300	265
14	2	2	100	0	265
15	3	3	50	50	265
16	4	4	50	0	265
17	1	1	100	0	265
18	3	3	50	0	265
19	2	2	100	0	265
20	3	3	50	50	265
21	3	3	50	0	265
22	1	1	100	200	265
23	4	4	50	0	265
24	3	3	50	50	265
25	1	1	100	0	265
26	4	4	50	0	265
27	2	2	100	0	265
28	1	1	100	250	265
29	3	3	50	50	265
30	4	4	50	0	265
31	2	2	100	0	265
32	3	3	50	0	265
33	1	1	100	350	265
34	4	4	50	0	265
35	3	3	50	25	265
36	1	1	100	0	265
37	2	2	100	0	265
38	1	1	100	350	265
39	3	3	50	75	265
40	3	3	50	0	265
41	3	3	50	0	265
42	1	1	100	0	265
43	4	4	50	0	265
44	3	3	50	0	265
45	1	1	100	250	265
46	4	4	50	250	265
47	2	2	100	0	265
48	1	1	100	200	265
49	3	3	50	25	265
50	4	4	50	0	265
51	2	2	100	0	265
52	3	3	50	75	265
53	1	1	100	0	265
54	4	4	50	0	265
55	3	3	50	0	265
56	1	1	100	300	265
57	2	2	100	1250	265
58	1	1	100	150	265
59	3	3	50	50	265
60	3	3	50	0	265
61	3	3	50	0	265
62	1	1	100	0	265
63	4	4	50	0	265
64	3	3	50	0	265
65	2	2	100	0	265
66	1	1	100	0	265
67	2	2	100	0	265
68	4	4	50	0	265
69	1	1	100	0	265
70	3	3	50	50	265
71	1	1	100	300	265
72	4	4	50	0	265
73	3	3	50	25	265
74	2	2	100	0	265
75	1	1	100	0	265
76	4	4	50	0	265
77	4	4	50	0	265
78	4	4	50	0	265
79	3	3	50	50	265
80	4	4	50	0	265
81	3	3	50	0	265
82	1	1	100	350	265
83	2	2	100	0	265
84	2	2	100	1250	265
85	2	2	100	0	265
86	2	2	100	0	265
87	2	2	100	0	265
88	3	3	50	0	265
89	1	1	100	0	265
90	3	3	50	75	265
91	2	2	100	0	265
92	1	1	100	200	265
93	2	2	100	0	265
94	2	2	100	0	265
95	4	4	50	250	265
