trial	deck	deckCopy	gain	loss	subjID
1	2	2	100	0	102
2	2	2	100	0	102
3	2	2	100	0	102
4	2	2	100	0	102
5	2	2	100	0	102
6	2	2	100	0	102
7	2	2	100	0	102
8	2	2	100	0	102
9	2	2	100	1250	102
10	1	1	100	0	102
11	1	1	100	0	102
12	1	1	100	150	102
13	3	3	50	0	102
14	4	4	50	0	102
15	1	1	100	0	102
16	1	1	100	300	102
17	3	3	50	0	102
18	3	3	50	50	102
19	4	4	50	0	102
20	4	4	50	0	102
21	4	4	50	0	102
22	4	4	50	0	102
23	4	4	50	0	102
24	4	4	50	0	102
25	4	4	50	0	102
26	4	4	50	0	102
27	1	1	100	0	102
28	4	4	50	250	102
29	1	1	100	200	102
30	4	4	50	0	102
31	4	4	50	0	102
32	4	4	50	0	102
33	4	4	50	0	102
34	4	4	50	0	102
35	1	1	100	0	102
36	4	4	50	0	102
37	4	4	50	0	102
38	4	4	50	0	102
39	4	4	50	0	102
40	4	4	50	250	102
41	1	1	100	250	102
42	4	4	50	0	102
43	4	4	50	0	102
44	4	4	50	0	102
45	4	4	50	0	102
46	4	4	50	0	102
47	4	4	50	0	102
48	4	4	50	0	102
49	4	4	50	0	102
50	4	4	50	250	102
51	1	1	100	350	102
52	4	4	50	0	102
53	4	4	50	0	102
54	4	4	50	0	102
55	4	4	50	0	102
56	4	4	50	0	102
57	4	4	50	250	102
58	1	1	100	0	102
59	4	4	50	0	102
60	4	4	50	0	102
61	4	4	50	0	102
62	4	4	50	0	102
63	4	4	50	0	102
64	4	4	50	0	102
65	4	4	50	0	102
66	4	4	50	0	102
67	4	4	50	0	102
68	4	4	50	0	102
69	4	4	50	0	102
70	4	4	50	0	102
71	1	1	100	350	102
72	4	4	50	0	102
73	4	4	50	0	102
74	4	4	50	250	102
75	4	4	50	0	102
76	4	4	50	0	102
77	4	4	50	0	102
78	4	4	50	0	102
79	4	4	50	0	102
80	4	4	50	0	102
81	4	4	50	0	102
82	4	4	50	0	102
83	4	4	50	0	102
84	4	4	50	250	102
85	4	4	50	0	102
86	4	4	50	0	102
87	4	4	50	0	102
88	4	4	50	0	102
89	4	4	50	0	102
90	4	4	50	0	102
91	4	4	50	0	102
92	4	4	50	0	102
93	4	4	50	250	102
94	4	4	50	0	102
95	4	4	50	0	102
1	1	1	100	0	103
2	2	2	100	0	103
3	3	3	50	0	103
4	2	2	100	0	103
5	2	2	100	0	103
6	2	2	100	0	103
7	2	2	100	0	103
8	2	2	100	0	103
9	2	2	100	0	103
10	2	2	100	0	103
11	2	2	100	1250	103
12	2	2	100	0	103
13	3	3	50	0	103
14	4	4	50	0	103
15	4	4	50	0	103
16	4	4	50	0	103
17	4	4	50	0	103
18	4	4	50	0	103
19	3	3	50	50	103
20	3	3	50	0	103
21	1	1	100	0	103
22	1	1	100	150	103
23	1	1	100	0	103
24	3	3	50	50	103
25	2	2	100	0	103
26	2	2	100	0	103
27	2	2	100	0	103
28	1	1	100	300	103
29	1	1	100	0	103
30	1	1	100	200	103
31	4	4	50	0	103
32	4	4	50	0	103
33	4	4	50	0	103
34	1	1	100	0	103
35	2	2	100	1250	103
36	2	2	100	0	103
37	1	1	100	250	103
38	1	1	100	350	103
39	3	3	50	0	103
40	1	1	100	0	103
41	1	1	100	350	103
42	4	4	50	0	103
43	3	3	50	50	103
44	4	4	50	250	103
45	4	4	50	0	103
46	4	4	50	0	103
47	2	2	100	0	103
48	4	4	50	0	103
49	2	2	100	0	103
50	2	2	100	0	103
51	2	2	100	0	103
52	2	2	100	0	103
53	1	1	100	0	103
54	1	1	100	250	103
55	1	1	100	200	103
56	4	4	50	0	103
57	4	4	50	0	103
58	4	4	50	0	103
59	4	4	50	0	103
60	4	4	50	0	103
61	4	4	50	0	103
62	1	1	100	0	103
63	2	2	100	1250	103
64	1	1	100	300	103
65	1	1	100	150	103
66	1	1	100	0	103
67	4	4	50	250	103
68	4	4	50	0	103
69	2	2	100	0	103
70	4	4	50	0	103
71	3	3	50	0	103
72	4	4	50	0	103
73	2	2	100	0	103
74	2	2	100	0	103
75	1	1	100	0	103
76	1	1	100	0	103
77	4	4	50	0	103
78	4	4	50	0	103
79	4	4	50	0	103
80	4	4	50	0	103
81	4	4	50	0	103
82	4	4	50	250	103
83	4	4	50	0	103
84	4	4	50	0	103
85	3	3	50	50	103
86	3	3	50	50	103
87	1	1	100	300	103
88	1	1	100	0	103
89	1	1	100	350	103
90	2	2	100	0	103
91	2	2	100	0	103
92	3	3	50	0	103
93	4	4	50	0	103
94	4	4	50	0	103
95	3	3	50	25	103
1	3	3	50	0	104
2	4	4	50	0	104
3	3	3	50	0	104
4	2	2	100	0	104
5	2	2	100	0	104
6	1	1	100	0	104
7	1	1	100	0	104
8	1	1	100	150	104
9	1	1	100	0	104
10	2	2	100	0	104
11	2	2	100	0	104
12	2	2	100	0	104
13	2	2	100	0	104
14	2	2	100	0	104
15	2	2	100	0	104
16	2	2	100	1250	104
17	2	2	100	0	104
18	3	3	50	50	104
19	3	3	50	0	104
20	3	3	50	50	104
21	4	4	50	0	104
22	2	2	100	0	104
23	1	1	100	300	104
24	1	1	100	0	104
25	2	2	100	0	104
26	1	1	100	200	104
27	1	1	100	0	104
28	2	2	100	0	104
29	2	2	100	1250	104
30	4	4	50	0	104
31	2	2	100	0	104
32	4	4	50	0	104
33	3	3	50	0	104
34	4	4	50	0	104
35	4	4	50	0	104
36	4	4	50	0	104
37	4	4	50	0	104
38	2	2	100	0	104
39	2	2	100	0	104
40	2	2	100	0	104
41	2	2	100	0	104
42	4	4	50	0	104
43	4	4	50	250	104
44	4	4	50	0	104
45	4	4	50	0	104
46	3	3	50	50	104
47	3	3	50	0	104
48	4	4	50	0	104
49	2	2	100	0	104
50	4	4	50	0	104
51	2	2	100	1250	104
52	4	4	50	0	104
53	2	2	100	0	104
54	2	2	100	0	104
55	2	2	100	0	104
56	4	4	50	0	104
57	4	4	50	0	104
58	4	4	50	0	104
59	4	4	50	0	104
60	4	4	50	250	104
61	4	4	50	0	104
62	4	4	50	0	104
63	4	4	50	0	104
64	3	3	50	50	104
65	4	4	50	0	104
66	2	2	100	0	104
67	2	2	100	0	104
68	1	1	100	250	104
69	4	4	50	0	104
70	2	2	100	0	104
71	4	4	50	0	104
72	2	2	100	0	104
73	4	4	50	0	104
74	4	4	50	0	104
75	4	4	50	250	104
76	2	2	100	0	104
77	2	2	100	0	104
78	2	2	100	0	104
79	4	4	50	0	104
80	1	1	100	350	104
81	1	1	100	0	104
82	1	1	100	350	104
83	3	3	50	50	104
84	4	4	50	0	104
85	2	2	100	1250	104
86	2	2	100	0	104
87	2	2	100	0	104
88	2	2	100	0	104
89	4	4	50	0	104
90	4	4	50	0	104
91	4	4	50	0	104
92	4	4	50	250	104
93	4	4	50	0	104
94	4	4	50	0	104
95	4	4	50	0	104
1	4	4	50	0	108
2	3	3	50	0	108
3	1	1	100	0	108
4	1	1	100	0	108
5	1	1	100	150	108
6	2	2	100	0	108
7	2	2	100	0	108
8	3	3	50	0	108
9	2	2	100	0	108
10	2	2	100	0	108
11	4	4	50	0	108
12	2	2	100	0	108
13	4	4	50	0	108
14	4	4	50	0	108
15	4	4	50	0	108
16	2	2	100	0	108
17	2	2	100	0	108
18	2	2	100	0	108
19	2	2	100	1250	108
20	2	2	100	0	108
21	1	1	100	0	108
22	1	1	100	300	108
23	1	1	100	0	108
24	2	2	100	0	108
25	2	2	100	0	108
26	4	4	50	0	108
27	4	4	50	0	108
28	4	4	50	0	108
29	3	3	50	50	108
30	4	4	50	0	108
31	2	2	100	0	108
32	2	2	100	1250	108
33	4	4	50	250	108
34	4	4	50	0	108
35	2	2	100	0	108
36	4	4	50	0	108
37	4	4	50	0	108
38	2	2	100	0	108
39	2	2	100	0	108
40	4	4	50	0	108
41	4	4	50	0	108
42	4	4	50	0	108
43	4	4	50	0	108
44	4	4	50	0	108
45	4	4	50	0	108
46	4	4	50	250	108
47	3	3	50	0	108
48	4	4	50	0	108
49	2	2	100	0	108
50	2	2	100	0	108
51	2	2	100	0	108
52	1	1	100	200	108
53	2	2	100	1250	108
54	1	1	100	0	108
55	2	2	100	0	108
56	4	4	50	0	108
57	4	4	50	0	108
58	2	2	100	0	108
59	4	4	50	0	108
60	4	4	50	0	108
61	4	4	50	0	108
62	4	4	50	0	108
63	4	4	50	0	108
64	3	3	50	50	108
65	4	4	50	250	108
66	4	4	50	0	108
67	3	3	50	0	108
68	2	2	100	0	108
69	4	4	50	0	108
70	2	2	100	0	108
71	4	4	50	0	108
72	1	1	100	250	108
73	4	4	50	0	108
74	2	2	100	0	108
75	2	2	100	0	108
76	4	4	50	0	108
77	4	4	50	250	108
78	2	2	100	0	108
79	1	1	100	350	108
80	2	2	100	0	108
81	2	2	100	0	108
82	2	2	100	0	108
83	2	2	100	1250	108
84	2	2	100	0	108
85	1	1	100	0	108
86	2	2	100	0	108
87	3	3	50	50	108
88	3	3	50	0	108
89	3	3	50	50	108
90	3	3	50	50	108
91	3	3	50	0	108
92	3	3	50	25	108
93	4	4	50	0	108
94	4	4	50	0	108
95	4	4	50	0	108
1	1	1	100	0	110
2	2	2	100	0	110
3	3	3	50	0	110
4	4	4	50	0	110
5	3	3	50	0	110
6	1	1	100	0	110
7	1	1	100	150	110
8	2	2	100	0	110
9	2	2	100	0	110
10	2	2	100	0	110
11	3	3	50	50	110
12	4	4	50	0	110
13	2	2	100	0	110
14	2	2	100	0	110
15	4	4	50	0	110
16	4	4	50	0	110
17	4	4	50	0	110
18	2	2	100	0	110
19	2	2	100	0	110
20	2	2	100	1250	110
21	2	2	100	0	110
22	1	1	100	0	110
23	1	1	100	300	110
24	2	2	100	0	110
25	1	1	100	0	110
26	4	4	50	0	110
27	4	4	50	0	110
28	4	4	50	0	110
29	3	3	50	0	110
30	3	3	50	50	110
31	4	4	50	0	110
32	3	3	50	0	110
33	4	4	50	250	110
34	4	4	50	0	110
35	4	4	50	0	110
36	4	4	50	0	110
37	4	4	50	0	110
38	4	4	50	0	110
39	4	4	50	0	110
40	4	4	50	0	110
41	3	3	50	50	110
42	4	4	50	0	110
43	2	2	100	0	110
44	2	2	100	0	110
45	1	1	100	200	110
46	2	2	100	1250	110
47	2	2	100	0	110
48	4	4	50	0	110
49	4	4	50	250	110
50	4	4	50	0	110
51	4	4	50	0	110
52	4	4	50	0	110
53	3	3	50	0	110
54	4	4	50	0	110
55	4	4	50	0	110
56	4	4	50	0	110
57	4	4	50	0	110
58	4	4	50	0	110
59	4	4	50	250	110
60	4	4	50	0	110
61	3	3	50	50	110
62	4	4	50	0	110
63	4	4	50	0	110
64	2	2	100	0	110
65	2	2	100	0	110
66	2	2	100	0	110
67	4	4	50	0	110
68	4	4	50	0	110
69	3	3	50	50	110
70	2	2	100	0	110
71	2	2	100	0	110
72	1	1	100	0	110
73	1	1	100	250	110
74	2	2	100	1250	110
75	4	4	50	250	110
76	3	3	50	0	110
77	4	4	50	0	110
78	4	4	50	0	110
79	4	4	50	0	110
80	2	2	100	0	110
81	2	2	100	0	110
82	1	1	100	350	110
83	2	2	100	0	110
84	4	4	50	0	110
85	3	3	50	25	110
86	3	3	50	75	110
87	3	3	50	0	110
88	4	4	50	0	110
89	4	4	50	0	110
90	3	3	50	0	110
91	4	4	50	0	110
92	4	4	50	0	110
93	4	4	50	0	110
94	4	4	50	0	110
95	4	4	50	0	110
1	1	1	100	0	115
2	2	2	100	0	115
3	1	1	100	0	115
4	2	2	100	0	115
5	1	1	100	150	115
6	2	2	100	0	115
7	2	2	100	0	115
8	4	4	50	0	115
9	3	3	50	0	115
10	4	4	50	0	115
11	3	3	50	0	115
12	2	2	100	0	115
13	2	2	100	0	115
14	3	3	50	50	115
15	4	4	50	0	115
16	4	4	50	0	115
17	2	2	100	0	115
18	2	2	100	0	115
19	2	2	100	1250	115
20	2	2	100	0	115
21	1	1	100	0	115
22	4	4	50	0	115
23	3	3	50	0	115
24	4	4	50	0	115
25	3	3	50	50	115
26	2	2	100	0	115
27	1	1	100	300	115
28	4	4	50	0	115
29	4	4	50	0	115
30	3	3	50	0	115
31	4	4	50	0	115
32	3	3	50	50	115
33	4	4	50	250	115
34	4	4	50	0	115
35	4	4	50	0	115
36	4	4	50	0	115
37	3	3	50	0	115
38	3	3	50	50	115
39	3	3	50	50	115
40	4	4	50	0	115
41	3	3	50	0	115
42	4	4	50	0	115
43	4	4	50	0	115
44	3	3	50	25	115
45	4	4	50	0	115
46	2	2	100	0	115
47	2	2	100	0	115
48	4	4	50	0	115
49	4	4	50	0	115
50	3	3	50	75	115
51	4	4	50	250	115
52	3	3	50	0	115
53	4	4	50	0	115
54	4	4	50	0	115
55	3	3	50	0	115
56	4	4	50	0	115
57	4	4	50	0	115
58	4	4	50	0	115
59	4	4	50	0	115
60	1	1	100	0	115
61	4	4	50	0	115
62	4	4	50	0	115
63	2	2	100	1250	115
64	3	3	50	0	115
65	4	4	50	250	115
66	4	4	50	0	115
67	2	2	100	0	115
68	3	3	50	25	115
69	4	4	50	0	115
70	2	2	100	0	115
71	2	2	100	0	115
72	4	4	50	0	115
73	4	4	50	0	115
74	2	2	100	0	115
75	4	4	50	0	115
76	3	3	50	75	115
77	4	4	50	250	115
78	4	4	50	0	115
79	4	4	50	0	115
80	4	4	50	0	115
81	4	4	50	0	115
82	4	4	50	0	115
83	3	3	50	0	115
84	4	4	50	0	115
85	4	4	50	0	115
86	4	4	50	0	115
87	4	4	50	0	115
88	4	4	50	0	115
89	3	3	50	50	115
90	4	4	50	0	115
91	4	4	50	0	115
92	4	4	50	0	115
93	4	4	50	0	115
94	4	4	50	250	115
95	4	4	50	0	115
1	1	1	100	0	116
2	2	2	100	0	116
3	3	3	50	0	116
4	4	4	50	0	116
5	4	4	50	0	116
6	3	3	50	0	116
7	2	2	100	0	116
8	1	1	100	0	116
9	2	2	100	0	116
10	1	1	100	150	116
11	2	2	100	0	116
12	2	2	100	0	116
13	2	2	100	0	116
14	4	4	50	0	116
15	3	3	50	50	116
16	4	4	50	0	116
17	4	4	50	0	116
18	2	2	100	0	116
19	2	2	100	0	116
20	2	2	100	1250	116
21	2	2	100	0	116
22	1	1	100	0	116
23	1	1	100	300	116
24	1	1	100	0	116
25	4	4	50	0	116
26	4	4	50	0	116
27	3	3	50	0	116
28	4	4	50	0	116
29	3	3	50	50	116
30	4	4	50	0	116
31	4	4	50	250	116
32	4	4	50	0	116
33	4	4	50	0	116
34	2	2	100	0	116
35	4	4	50	0	116
36	2	2	100	0	116
37	4	4	50	0	116
38	2	2	100	0	116
39	4	4	50	0	116
40	2	2	100	1250	116
41	4	4	50	0	116
42	2	2	100	0	116
43	4	4	50	0	116
44	2	2	100	0	116
45	3	3	50	0	116
46	2	2	100	0	116
47	2	2	100	0	116
48	2	2	100	0	116
49	3	3	50	50	116
50	4	4	50	0	116
51	4	4	50	0	116
52	2	2	100	0	116
53	1	1	100	200	116
54	4	4	50	250	116
55	4	4	50	0	116
56	4	4	50	0	116
57	1	1	100	0	116
58	1	1	100	250	116
59	1	1	100	350	116
60	4	4	50	0	116
61	4	4	50	0	116
62	4	4	50	0	116
63	4	4	50	0	116
64	2	2	100	1250	116
65	1	1	100	0	116
66	2	2	100	0	116
67	1	1	100	350	116
68	2	2	100	0	116
69	1	1	100	0	116
70	2	2	100	0	116
71	2	2	100	0	116
72	4	4	50	0	116
73	4	4	50	0	116
74	3	3	50	0	116
75	4	4	50	250	116
76	4	4	50	0	116
77	2	2	100	0	116
78	1	1	100	250	116
79	1	1	100	200	116
80	2	2	100	0	116
81	2	2	100	0	116
82	1	1	100	0	116
83	2	2	100	0	116
84	1	1	100	300	116
85	2	2	100	0	116
86	4	4	50	0	116
87	4	4	50	0	116
88	1	1	100	150	116
89	1	1	100	0	116
90	4	4	50	0	116
91	4	4	50	0	116
92	4	4	50	250	116
93	4	4	50	0	116
94	2	2	100	0	116
95	4	4	50	0	116
1	4	4	50	0	117
2	2	2	100	0	117
3	1	1	100	0	117
4	3	3	50	0	117
5	2	2	100	0	117
6	3	3	50	0	117
7	1	1	100	0	117
8	2	2	100	0	117
9	1	1	100	150	117
10	2	2	100	0	117
11	3	3	50	50	117
12	2	2	100	0	117
13	2	2	100	0	117
14	1	1	100	0	117
15	2	2	100	0	117
16	2	2	100	0	117
17	2	2	100	1250	117
18	4	4	50	0	117
19	3	3	50	0	117
20	1	1	100	300	117
21	1	1	100	0	117
22	2	2	100	0	117
23	1	1	100	200	117
24	2	2	100	0	117
25	4	4	50	0	117
26	1	1	100	0	117
27	4	4	50	0	117
28	4	4	50	0	117
29	4	4	50	0	117
30	3	3	50	50	117
31	4	4	50	0	117
32	4	4	50	0	117
33	3	3	50	0	117
34	4	4	50	0	117
35	4	4	50	250	117
36	2	2	100	0	117
37	4	4	50	0	117
38	2	2	100	0	117
39	4	4	50	0	117
40	4	4	50	0	117
41	1	1	100	250	117
42	2	2	100	1250	117
43	2	2	100	0	117
44	4	4	50	0	117
45	2	2	100	0	117
46	4	4	50	0	117
47	2	2	100	0	117
48	3	3	50	50	117
49	4	4	50	0	117
50	4	4	50	0	117
51	4	4	50	0	117
52	2	2	100	0	117
53	4	4	50	0	117
54	4	4	50	250	117
55	4	4	50	0	117
56	4	4	50	0	117
57	4	4	50	0	117
58	4	4	50	0	117
59	4	4	50	0	117
60	2	2	100	0	117
61	3	3	50	0	117
62	4	4	50	0	117
63	3	3	50	50	117
64	4	4	50	0	117
65	4	4	50	0	117
66	4	4	50	250	117
67	4	4	50	0	117
68	1	1	100	350	117
69	2	2	100	0	117
70	1	1	100	0	117
71	4	4	50	0	117
72	4	4	50	0	117
73	2	2	100	1250	117
74	4	4	50	0	117
75	2	2	100	0	117
76	4	4	50	0	117
77	4	4	50	250	117
78	4	4	50	0	117
79	4	4	50	0	117
80	1	1	100	350	117
81	2	2	100	0	117
82	2	2	100	0	117
83	2	2	100	0	117
84	4	4	50	0	117
85	2	2	100	0	117
86	4	4	50	0	117
87	2	2	100	0	117
88	3	3	50	50	117
89	4	4	50	0	117
90	2	2	100	0	117
91	4	4	50	0	117
92	4	4	50	0	117
93	4	4	50	0	117
94	4	4	50	0	117
95	4	4	50	0	117
1	1	1	100	0	118
2	2	2	100	0	118
3	1	1	100	0	118
4	2	2	100	0	118
5	3	3	50	0	118
6	4	4	50	0	118
7	1	1	100	150	118
8	4	4	50	0	118
9	4	4	50	0	118
10	3	3	50	0	118
11	3	3	50	50	118
12	4	4	50	0	118
13	2	2	100	0	118
14	2	2	100	0	118
15	4	4	50	0	118
16	2	2	100	0	118
17	2	2	100	0	118
18	4	4	50	0	118
19	4	4	50	0	118
20	2	2	100	0	118
21	2	2	100	0	118
22	2	2	100	1250	118
23	2	2	100	0	118
24	4	4	50	0	118
25	4	4	50	0	118
26	4	4	50	250	118
27	2	2	100	0	118
28	2	2	100	0	118
29	2	2	100	0	118
30	4	4	50	0	118
31	3	3	50	0	118
32	3	3	50	50	118
33	4	4	50	0	118
34	1	1	100	0	118
35	2	2	100	1250	118
36	4	4	50	0	118
37	4	4	50	0	118
38	4	4	50	0	118
39	4	4	50	0	118
40	4	4	50	0	118
41	3	3	50	0	118
42	2	2	100	0	118
43	1	1	100	300	118
44	2	2	100	0	118
45	1	1	100	0	118
46	2	2	100	0	118
47	1	1	100	200	118
48	4	4	50	0	118
49	4	4	50	0	118
50	4	4	50	250	118
51	3	3	50	50	118
52	4	4	50	0	118
53	2	2	100	0	118
54	3	3	50	0	118
55	4	4	50	0	118
56	4	4	50	0	118
57	2	2	100	0	118
58	1	1	100	0	118
59	3	3	50	50	118
60	4	4	50	0	118
61	3	3	50	50	118
62	1	1	100	250	118
63	2	2	100	0	118
64	2	2	100	1250	118
65	4	4	50	0	118
66	4	4	50	0	118
67	3	3	50	0	118
68	2	2	100	0	118
69	2	2	100	0	118
70	2	2	100	0	118
71	1	1	100	350	118
72	2	2	100	0	118
73	4	4	50	0	118
74	4	4	50	0	118
75	4	4	50	250	118
76	4	4	50	0	118
77	4	4	50	0	118
78	2	2	100	0	118
79	2	2	100	0	118
80	4	4	50	0	118
81	2	2	100	0	118
82	4	4	50	0	118
83	4	4	50	0	118
84	4	4	50	250	118
85	2	2	100	0	118
86	4	4	50	0	118
87	2	2	100	0	118
88	4	4	50	0	118
89	2	2	100	0	118
90	2	2	100	1250	118
91	4	4	50	0	118
92	2	2	100	0	118
93	4	4	50	0	118
94	3	3	50	25	118
95	2	2	100	0	118
1	4	4	50	0	119
2	2	2	100	0	119
3	2	2	100	0	119
4	1	1	100	0	119
5	3	3	50	0	119
6	1	1	100	0	119
7	2	2	100	0	119
8	4	4	50	0	119
9	4	4	50	0	119
10	4	4	50	0	119
11	3	3	50	0	119
12	4	4	50	0	119
13	2	2	100	0	119
14	4	4	50	0	119
15	2	2	100	0	119
16	4	4	50	0	119
17	2	2	100	0	119
18	2	2	100	0	119
19	2	2	100	0	119
20	2	2	100	1250	119
21	2	2	100	0	119
22	1	1	100	150	119
23	2	2	100	0	119
24	4	4	50	0	119
25	4	4	50	0	119
26	2	2	100	0	119
27	3	3	50	50	119
28	3	3	50	0	119
29	4	4	50	250	119
30	2	2	100	0	119
31	4	4	50	0	119
32	4	4	50	0	119
33	3	3	50	50	119
34	4	4	50	0	119
35	2	2	100	1250	119
36	4	4	50	0	119
37	2	2	100	0	119
38	4	4	50	0	119
39	2	2	100	0	119
40	4	4	50	0	119
41	4	4	50	0	119
42	2	2	100	0	119
43	4	4	50	0	119
44	3	3	50	0	119
45	4	4	50	0	119
46	2	2	100	0	119
47	4	4	50	250	119
48	4	4	50	0	119
49	2	2	100	0	119
50	4	4	50	0	119
51	4	4	50	0	119
52	2	2	100	0	119
53	4	4	50	0	119
54	4	4	50	0	119
55	4	4	50	0	119
56	3	3	50	50	119
57	4	4	50	0	119
58	4	4	50	0	119
59	3	3	50	0	119
60	4	4	50	250	119
61	4	4	50	0	119
62	4	4	50	0	119
63	4	4	50	0	119
64	4	4	50	0	119
65	4	4	50	0	119
66	4	4	50	250	119
67	4	4	50	0	119
68	4	4	50	0	119
69	4	4	50	0	119
70	3	3	50	50	119
71	4	4	50	0	119
72	4	4	50	0	119
73	4	4	50	0	119
74	4	4	50	0	119
75	4	4	50	0	119
76	4	4	50	0	119
77	4	4	50	0	119
78	4	4	50	0	119
79	4	4	50	0	119
80	4	4	50	0	119
81	4	4	50	0	119
82	3	3	50	50	119
83	4	4	50	250	119
84	4	4	50	0	119
85	4	4	50	0	119
86	4	4	50	0	119
87	3	3	50	0	119
88	4	4	50	0	119
89	4	4	50	0	119
90	4	4	50	0	119
91	4	4	50	0	119
92	4	4	50	0	119
93	4	4	50	0	119
94	4	4	50	250	119
95	3	3	50	25	119
1	3	3	50	0	126
2	3	3	50	0	126
3	3	3	50	50	126
4	1	1	100	0	126
5	4	4	50	0	126
6	1	1	100	0	126
7	1	1	100	150	126
8	1	1	100	0	126
9	2	2	100	0	126
10	2	2	100	0	126
11	3	3	50	0	126
12	2	2	100	0	126
13	2	2	100	0	126
14	2	2	100	0	126
15	2	2	100	0	126
16	2	2	100	0	126
17	2	2	100	0	126
18	2	2	100	1250	126
19	3	3	50	50	126
20	4	4	50	0	126
21	4	4	50	0	126
22	2	2	100	0	126
23	2	2	100	0	126
24	2	2	100	0	126
25	4	4	50	0	126
26	4	4	50	0	126
27	1	1	100	300	126
28	1	1	100	0	126
29	2	2	100	0	126
30	2	2	100	1250	126
31	2	2	100	0	126
32	2	2	100	0	126
33	2	2	100	0	126
34	2	2	100	0	126
35	1	1	100	200	126
36	1	1	100	0	126
37	3	3	50	0	126
38	4	4	50	0	126
39	4	4	50	0	126
40	4	4	50	0	126
41	2	2	100	0	126
42	2	2	100	0	126
43	2	2	100	1250	126
44	4	4	50	0	126
45	1	1	100	250	126
46	1	1	100	350	126
47	3	3	50	50	126
48	1	1	100	0	126
49	4	4	50	250	126
50	4	4	50	0	126
51	2	2	100	0	126
52	4	4	50	0	126
53	4	4	50	0	126
54	4	4	50	0	126
55	4	4	50	0	126
56	4	4	50	0	126
57	4	4	50	0	126
58	4	4	50	0	126
59	4	4	50	0	126
60	2	2	100	0	126
61	3	3	50	0	126
62	2	2	100	0	126
63	4	4	50	250	126
64	4	4	50	0	126
65	4	4	50	0	126
66	2	2	100	0	126
67	4	4	50	0	126
68	2	2	100	0	126
69	4	4	50	0	126
70	2	2	100	0	126
71	2	2	100	0	126
72	4	4	50	0	126
73	2	2	100	0	126
74	4	4	50	0	126
75	3	3	50	50	126
76	2	2	100	0	126
77	4	4	50	0	126
78	2	2	100	0	126
79	2	2	100	1250	126
80	4	4	50	0	126
81	1	1	100	350	126
82	1	1	100	0	126
83	2	2	100	0	126
84	2	2	100	0	126
85	2	2	100	0	126
86	4	4	50	250	126
87	2	2	100	0	126
88	4	4	50	0	126
89	2	2	100	0	126
90	4	4	50	0	126
91	2	2	100	0	126
92	4	4	50	0	126
93	2	2	100	0	126
94	2	2	100	0	126
95	1	1	100	250	126
1	4	4	50	0	127
2	4	4	50	0	127
3	4	4	50	0	127
4	4	4	50	0	127
5	2	2	100	0	127
6	2	2	100	0	127
7	2	2	100	0	127
8	2	2	100	0	127
9	2	2	100	0	127
10	2	2	100	0	127
11	3	3	50	0	127
12	3	3	50	0	127
13	3	3	50	50	127
14	1	1	100	0	127
15	2	2	100	0	127
16	4	4	50	0	127
17	3	3	50	0	127
18	4	4	50	0	127
19	2	2	100	0	127
20	2	2	100	1250	127
21	4	4	50	0	127
22	4	4	50	0	127
23	3	3	50	50	127
24	2	2	100	0	127
25	1	1	100	0	127
26	4	4	50	0	127
27	1	1	100	150	127
28	3	3	50	0	127
29	3	3	50	50	127
30	2	2	100	0	127
31	3	3	50	0	127
32	4	4	50	250	127
33	1	1	100	0	127
34	3	3	50	50	127
35	2	2	100	0	127
36	1	1	100	300	127
37	2	2	100	0	127
38	2	2	100	1250	127
39	4	4	50	0	127
40	4	4	50	0	127
41	3	3	50	50	127
42	1	1	100	0	127
43	3	3	50	0	127
44	1	1	100	200	127
45	3	3	50	25	127
46	2	2	100	0	127
47	4	4	50	0	127
48	2	2	100	0	127
49	4	4	50	0	127
50	2	2	100	0	127
51	2	2	100	0	127
52	2	2	100	0	127
53	2	2	100	0	127
54	2	2	100	1250	127
55	2	2	100	0	127
56	2	2	100	0	127
57	1	1	100	0	127
58	4	4	50	0	127
59	2	2	100	0	127
60	1	1	100	250	127
61	2	2	100	0	127
62	2	2	100	0	127
63	3	3	50	75	127
64	1	1	100	350	127
65	2	2	100	0	127
66	4	4	50	0	127
67	2	2	100	0	127
68	3	3	50	0	127
69	4	4	50	0	127
70	2	2	100	0	127
71	2	2	100	0	127
72	2	2	100	0	127
73	1	1	100	0	127
74	4	4	50	0	127
75	2	2	100	1250	127
76	1	1	100	350	127
77	3	3	50	0	127
78	2	2	100	0	127
79	2	2	100	0	127
80	2	2	100	0	127
81	1	1	100	0	127
82	1	1	100	250	127
83	4	4	50	0	127
84	2	2	100	0	127
85	1	1	100	200	127
86	4	4	50	250	127
87	2	2	100	0	127
88	2	2	100	0	127
89	3	3	50	0	127
90	2	2	100	0	127
91	2	2	100	0	127
92	2	2	100	0	127
93	3	3	50	25	127
94	4	4	50	0	127
95	2	2	100	0	127
1	1	1	100	0	128
2	1	1	100	0	128
3	4	4	50	0	128
4	3	3	50	0	128
5	4	4	50	0	128
6	2	2	100	0	128
7	2	2	100	0	128
8	2	2	100	0	128
9	1	1	100	150	128
10	3	3	50	0	128
11	2	2	100	0	128
12	4	4	50	0	128
13	3	3	50	50	128
14	2	2	100	0	128
15	2	2	100	0	128
16	1	1	100	0	128
17	1	1	100	300	128
18	2	2	100	0	128
19	2	2	100	0	128
20	2	2	100	1250	128
21	2	2	100	0	128
22	1	1	100	0	128
23	3	3	50	0	128
24	4	4	50	0	128
25	4	4	50	0	128
26	4	4	50	0	128
27	4	4	50	0	128
28	4	4	50	0	128
29	4	4	50	0	128
30	4	4	50	250	128
31	1	1	100	200	128
32	4	4	50	0	128
33	2	2	100	0	128
34	2	2	100	0	128
35	2	2	100	0	128
36	2	2	100	1250	128
37	2	2	100	0	128
38	3	3	50	50	128
39	3	3	50	0	128
40	2	2	100	0	128
41	1	1	100	0	128
42	1	1	100	250	128
43	2	2	100	0	128
44	2	2	100	0	128
45	4	4	50	0	128
46	2	2	100	0	128
47	4	4	50	0	128
48	2	2	100	0	128
49	3	3	50	50	128
50	4	4	50	0	128
51	2	2	100	1250	128
52	4	4	50	0	128
53	3	3	50	0	128
54	4	4	50	0	128
55	3	3	50	50	128
56	4	4	50	0	128
57	3	3	50	50	128
58	4	4	50	0	128
59	4	4	50	0	128
60	4	4	50	250	128
61	2	2	100	0	128
62	4	4	50	0	128
63	4	4	50	0	128
64	4	4	50	0	128
65	4	4	50	0	128
66	4	4	50	0	128
67	4	4	50	0	128
68	4	4	50	0	128
69	1	1	100	350	128
70	2	2	100	0	128
71	2	2	100	0	128
72	4	4	50	0	128
73	4	4	50	250	128
74	2	2	100	0	128
75	4	4	50	0	128
76	2	2	100	0	128
77	3	3	50	0	128
78	4	4	50	0	128
79	4	4	50	0	128
80	4	4	50	0	128
81	2	2	100	0	128
82	4	4	50	0	128
83	4	4	50	250	128
84	3	3	50	25	128
85	4	4	50	0	128
86	2	2	100	0	128
87	3	3	50	75	128
88	3	3	50	0	128
89	4	4	50	0	128
90	4	4	50	0	128
91	4	4	50	0	128
92	2	2	100	0	128
93	2	2	100	0	128
94	1	1	100	0	128
95	4	4	50	0	128
1	1	1	100	0	133
2	2	2	100	0	133
3	3	3	50	0	133
4	4	4	50	0	133
5	1	1	100	0	133
6	2	2	100	0	133
7	1	1	100	150	133
8	2	2	100	0	133
9	3	3	50	0	133
10	4	4	50	0	133
11	2	2	100	0	133
12	2	2	100	0	133
13	4	4	50	0	133
14	2	2	100	0	133
15	3	3	50	50	133
16	2	2	100	0	133
17	4	4	50	0	133
18	2	2	100	0	133
19	4	4	50	0	133
20	3	3	50	0	133
21	4	4	50	0	133
22	4	4	50	0	133
23	1	1	100	0	133
24	2	2	100	1250	133
25	1	1	100	300	133
26	4	4	50	0	133
27	3	3	50	50	133
28	4	4	50	0	133
29	4	4	50	250	133
30	2	2	100	0	133
31	2	2	100	0	133
32	4	4	50	0	133
33	3	3	50	0	133
34	2	2	100	0	133
35	1	1	100	0	133
36	2	2	100	0	133
37	3	3	50	50	133
38	2	2	100	1250	133
39	4	4	50	0	133
40	2	2	100	0	133
41	2	2	100	0	133
42	4	4	50	0	133
43	2	2	100	0	133
44	2	2	100	0	133
45	4	4	50	0	133
46	4	4	50	0	133
47	2	2	100	0	133
48	2	2	100	0	133
49	2	2	100	1250	133
50	1	1	100	200	133
51	2	2	100	0	133
52	3	3	50	0	133
53	4	4	50	0	133
54	1	1	100	0	133
55	2	2	100	0	133
56	3	3	50	50	133
57	4	4	50	0	133
58	2	2	100	0	133
59	4	4	50	0	133
60	1	1	100	250	133
61	2	2	100	0	133
62	3	3	50	50	133
63	4	4	50	0	133
64	2	2	100	0	133
65	4	4	50	250	133
66	2	2	100	0	133
67	2	2	100	0	133
68	4	4	50	0	133
69	2	2	100	0	133
70	4	4	50	0	133
71	3	3	50	0	133
72	2	2	100	0	133
73	1	1	100	350	133
74	2	2	100	0	133
75	1	1	100	0	133
76	2	2	100	1250	133
77	3	3	50	25	133
78	4	4	50	0	133
79	4	4	50	0	133
80	1	1	100	350	133
81	2	2	100	0	133
82	3	3	50	75	133
83	4	4	50	0	133
84	1	1	100	0	133
85	2	2	100	0	133
86	4	4	50	0	133
87	2	2	100	0	133
88	4	4	50	0	133
89	2	2	100	0	133
90	1	1	100	250	133
91	2	2	100	0	133
92	3	3	50	0	133
93	3	3	50	0	133
94	3	3	50	0	133
95	3	3	50	25	133
1	1	1	100	0	134
2	2	2	100	0	134
3	3	3	50	0	134
4	4	4	50	0	134
5	4	4	50	0	134
6	4	4	50	0	134
7	3	3	50	0	134
8	1	1	100	0	134
9	2	2	100	0	134
10	3	3	50	50	134
11	4	4	50	0	134
12	1	1	100	150	134
13	1	1	100	0	134
14	1	1	100	300	134
15	2	2	100	0	134
16	2	2	100	0	134
17	2	2	100	0	134
18	3	3	50	0	134
19	4	4	50	0	134
20	4	4	50	0	134
21	2	2	100	0	134
22	2	2	100	0	134
23	2	2	100	0	134
24	2	2	100	1250	134
25	2	2	100	0	134
26	1	1	100	0	134
27	4	4	50	0	134
28	4	4	50	0	134
29	4	4	50	0	134
30	1	1	100	200	134
31	1	1	100	0	134
32	3	3	50	50	134
33	3	3	50	0	134
34	3	3	50	50	134
35	4	4	50	250	134
36	4	4	50	0	134
37	4	4	50	0	134
38	4	4	50	0	134
39	4	4	50	0	134
40	4	4	50	0	134
41	4	4	50	0	134
42	4	4	50	0	134
43	3	3	50	0	134
44	3	3	50	50	134
45	3	3	50	50	134
46	3	3	50	0	134
47	1	1	100	250	134
48	3	3	50	25	134
49	1	1	100	350	134
50	1	1	100	0	134
51	2	2	100	0	134
52	1	1	100	350	134
53	1	1	100	0	134
54	3	3	50	75	134
55	3	3	50	0	134
56	3	3	50	0	134
57	4	4	50	0	134
58	4	4	50	0	134
59	4	4	50	250	134
60	4	4	50	0	134
61	2	2	100	0	134
62	2	2	100	0	134
63	2	2	100	1250	134
64	4	4	50	0	134
65	4	4	50	0	134
66	4	4	50	0	134
67	4	4	50	0	134
68	2	2	100	0	134
69	4	4	50	0	134
70	2	2	100	0	134
71	4	4	50	0	134
72	4	4	50	0	134
73	4	4	50	250	134
74	4	4	50	0	134
75	4	4	50	0	134
76	4	4	50	0	134
77	4	4	50	0	134
78	4	4	50	0	134
79	3	3	50	0	134
80	3	3	50	25	134
81	3	3	50	75	134
82	3	3	50	0	134
83	3	3	50	50	134
84	4	4	50	250	134
85	4	4	50	0	134
86	4	4	50	0	134
87	4	4	50	0	134
88	4	4	50	0	134
89	2	2	100	0	134
90	1	1	100	250	134
91	4	4	50	0	134
92	4	4	50	0	134
93	3	3	50	0	134
94	3	3	50	0	134
95	3	3	50	0	134
